136 125
140 135
144 144
148 154
154 162
162 169
172 174
183 174
195 171
204 163
212 154
217 144
218 132
218 120
217 108
215 97
135 108
139 101
146 99
154 99
162 100
171 96
180 93
188 90
197 90
204 95
169 105
170 112
171 119
172 127
167 133
170 133
174 134
178 132
181 130
146 109
149 105
155 104
160 108
156 110
150 111
180 104
184 98
190 97
195 100
191 103
186 104
164 148
168 145
172 143
176 144
180 142
186 143
193 143
187 146
182 149
177 150
173 150
169 150
166 148
173 147
176 147
180 146
191 143
180 144
176 146
173 146
